Run semi-empirical minimization
 &qmmm
    qm_theory='AM1', grms_tol=0.0005,
 scfconv=1.d-10, ndiis_attempts=700,   qmcharge=0,
 /
   6     C       49.7310       17.9210       -8.9170 
   8     O       49.6240       16.7190       -9.0150 
   8    OA       49.4360       18.7460       -9.8800 
   6    CB       48.8800       18.2920      -11.1850 
   6    CG       47.5420       19.0400      -11.5680 
   6   CD1       46.4780       18.9750      -10.7030 
   6   CD2       47.3800       19.7700      -12.7250 
   6   CE1       45.2480       19.5850      -10.9620 
   6   CE2       46.1540       20.4140      -12.9580 
   6    CZ       45.1110       20.3000      -12.0940 
   7     N       50.1310       18.6280       -7.8860 
   6    CA       50.4440       17.9780       -6.7000 
  15     P       51.7310       18.9700       -6.1030 
   8   O1P       53.0740       18.6410       -6.5730 
   8   O2P       51.5010       20.4720       -6.1370 
   7    N1       51.7120       18.5170       -4.5090 
   6   C11       52.8360       18.2290       -3.6390 
   6    C1       53.5300       16.8860       -3.9040 
   8    O3       54.7570       16.7750       -3.8340 
   6    C3       52.4730       18.3230       -2.1310 
   6    C5       53.7000       18.1610       -1.2410 
   6    C7       54.6320       19.3710       -1.4350 
   6    C9       53.2110       18.0830        0.2190 
   7    N2       52.7370       15.8850       -4.1940 
   6   C12       53.2020       14.5210       -4.4530 
   6    C2       52.3890       13.8360       -5.5240 
   8    O4       51.3250       14.3630       -5.9430 
   6    C4       53.4490       13.6930       -3.1390 
   6    C6       52.2500       13.4870       -2.2600 
   6    C8       52.3400       12.1690       -1.5350 
   6   C10       52.2510       14.5410       -1.1710 
   8   OXT       52.7910       12.7660       -6.0710 
   1    H1       48.6750       17.2130      -11.1250 
   1    H2       49.6260       18.4800      -11.9710 
   1    H3       46.5980       18.4250       -9.7770 
   1    H4       48.1870       19.8460      -13.4450 
   1    H5       44.4220       19.4850      -10.2670 
   1    H6       46.0360       21.0180      -13.8510 
   1    H7       44.1680       20.7850      -12.3170 
   1    H8       50.2090       19.6230       -7.9540 
   1    H9       50.7810       16.9470       -6.8820 
   1   H10       49.5890       17.9680       -6.0080 
   1   H11       50.8070       18.4310       -4.0930 
   1   H12       53.5810       19.0130       -3.8400 
   1   H13       51.7510       17.5300       -1.8890 
   1   H14       52.0190       19.3050       -1.9350 
   1   H15       54.2380       17.2380       -1.5040 
   1   H16       55.5190       19.2570       -0.7940 
   1   H17       54.0980       20.2930       -1.1620 
   1   H18       54.9460       19.4270       -2.4880 
   1   H19       52.5480       17.2140        0.3380 
   1   H20       52.6600       19.0010        0.4710 
   1   H21       54.0760       17.9780        0.8900 
   1   H22       51.7540       16.0630       -4.2410 
   1   H23       54.2020       14.6370       -4.8960 
   1   H24       54.2140       14.2180       -2.5480 
   1   H25       53.8270       12.7020       -3.4310 
   1   H26       51.3300       13.5390       -2.8610 
   1   H27       51.4530       12.0400       -0.8980 
   1   H28       53.2450       12.1550       -0.9100 
   1   H29       52.3880       11.3500       -2.2680 
   1   H30       52.1870       15.5400       -1.6270 
   1   H31       53.1800       14.4640       -0.5870 
   1   H32       51.3870       14.3840       -0.5080 

