Run semi-empirical minimization
 &qmmm
    qm_theory='AM1', grms_tol=0.0005,
 scfconv=1.d-10, ndiis_attempts=700,   qmcharge=1,
 /
   8    O2        0.5890       12.8770       10.4180 
   6    C2        0.0470       11.6450        9.9450 
   7    N1       -1.0440       11.1990       10.7870 
   6    C8        1.0120       10.4680       10.0590 
   6    C7        0.1160        9.2460       10.2830 
   6    C6       -1.3000        9.8280       10.4470 
   6    C3       -0.4540       11.7630        8.4880 
   8    O3        0.6860       12.0520        7.6640 
   6    C4       -1.1870       10.4680        8.0340 
   8    O4       -1.9360       10.6990        6.8430 
   6    C5       -2.0920        9.8960        9.1280 
   8    O5       -2.5690        8.5760        8.7990 
   1    H1        1.3010       13.1470        9.8500 
   1    H2       -1.8650       11.7580       10.6150 
   1    H3       -0.7850       11.2730       11.7580 
   1    H4        1.6950       10.6080       10.9100 
   1    H5        1.5960       10.3550        9.1340 
   1    H6        0.4200        8.7030       11.1900 
   1    H7        0.1600        8.5690        9.4180 
   1    H8       -1.8670        9.2890       11.2200 
   1    H9       -1.1640       12.6000        8.4200 
   1   H10        1.0810       12.8680        7.9470 
   1   H11       -0.4180        9.7140        7.8100 
   1   H12       -2.3740        9.8960        6.5850 
   1   H13       -2.9570       10.5630        9.2560 
   1   H14       -3.1250        8.2580        9.5000 

